
the test of word: snow, with lenth: 4, iters: 100, feature: 0
score:	0.734694
Locs:	231	199	111	115	48	234	240	261	340	16	2	26	274	162	245	1	20	19	276	148	135	74	6	0	244	14	187	188	5	148	161	163	32	76	15	196	64	194	95	290	144	235	235	338	223	114	42	179	289


the test of word: snow, with lenth: 4, iters: 100, feature: 0
score:	0.704082
Locs:	231	199	111	213	48	234	240	261	340	16	2	26	275	162	245	1	19	19	276	147	135	74	6	0	244	14	187	188	5	148	161	163	32	77	15	196	63	194	95	290	144	235	235	338	223	114	42	179	289


the test of word: snow, with lenth: 4, iters: 100, feature: 0
score:	0.683673
Locs:	242	229	111	214	180	410	296	340	365	17	18	198	276	164	248	21	29	12	275	172	135	50	6	88	244	18	181	188	5	149	161	164	108	78	15	230	66	173	95	290	145	236	236	338	223	113	42	178	290


the test of word: snow, with lenth: 4, iters: 100, feature: 0
score:	0.500000
Locs:	245	232	313	217	183	413	299	343	368	20	21	201	279	0	251	24	32	148	294	0	244	78	321	91	339	136	223	192	265	152	348	167	266	321	123	233	102	228	167	306	359	263	263	363	357	244	125	209	231

